0.0 0.0 0.0 0.0 0.0 0.0 0.0 0.0 0.0 0.0 0.0 0.0 0.0 0.0 0.0 0.0 0.0 0.0 0.0 0.0 0.0 
0.0 0.0 5.3 9.5 8.7 9999 8.4 28 4.7 9999 9999 9999 9999 9999 9999 9999 9999 9999 9999 9999 9999  
0.0 5.3 0.0 9999 9999 9999 9999 9999 9999 9999 114 9999 9999 9999 9999 9999 9999 9999 9999 9999 9999 
0.0 8.6 9999 0.0 9999 4.5 9999 9999 9999 9999 9999 9999 9999 9999 9999 9999 9999 9999 9999 9999 9999 
0.0 8.2 9999 9999 0.0 11.8 9999 9999 9999 9999 9999 9999 9999 9999 9999 9999 9999 9999 9999 4.1 9999 
0.0 9999 9999 3.1 11.2 0.0 9999 5.7 9999 9999 9999 9999 9999 9999 9999 9999 3.9 9999 9999 9999 9999 
0.0 8.1 9999 9999 9999 9999 0.0 20.7 9999 9999 9999 9999 9999 9999 9999 9999 9999 9999 9999 9999 9999 
0.0 28 9999 9999 9999 6.2 21.1 0.0 9999 9999 9999 9999 9999 78 9999 9999 9999 9999 9999 9999 9999 
0.0 6.7 9999 9999 9999 9999 9999 9999 0.0 9.0 9999 12.7 9999 9999 9999 9999 9999 9999 9999 9999 9999 
0.0 9999 9999 9999 9999 9999 9999 9999 9.5 0.0 9999 9999 9999 34.8 9999 9999 9999 9999 9999 9999 9999 
0.0 9999 114 9999 9999 9999 9999 9999 9999 9999 0.0 9999 9999 9999 11.0 9999 9999 9999 9999 9999 9999 
0.0 9999 9999 9999 9999 9999 9999 9999 11.6 9999 9999 0.0 10.5 9999 8.6 9999 9999 9999 9999 9999 9999 
0.0 9999 9999 9999 9999 9999 9999 9999 9999 9999 9999 10.8 0.0 9999 9999 1.7 9999 9999 9999 9999 9999 
0.0 9999 9999 9999 9999 9999 9999 78 9999 34.5 9999 9999 9999 0.0 9999 9999 9999 9999 46.0 9999 9999 
0.0 9999 9999 9999 9999 9999 9999 9999 9999 9999 11.7 8.7 9999 9999 0.0 9999 9999 9999 9999 9999 9999 
0.0 9999 9999 9999 9999 9999 9999 9999 9999 9999 9999 9999 4.3 9999 9999 0.0 9999 9999 9999 9999 9999 
0.0 9999 9999 9999 9999 4.6 9999 9999 9999 9999 9999 9999 9999 9999 9999 9999 0.0 7.5 9999 7.8 9999 
0.0 9999 9999 9999 9999 9999 9999 9999 9999 9999 9999 9999 9999 35.6 9999 9999 8.0 0.0 8.3 9999 9999 
0.0 9999 9999 9999 9999 9999 9999 9999 9999 9999 9999 9999 9999 9999 9999 9999 9999 8.3 0.0 9999 7.9 
0.0 9999 9999 9999 4.6 9999 9999 9999 9999 2.0 9999 9999 9999 9999 9999 9999 6.5 9999 9999 0.0 9999 
0.0 9999 9999 9999 9999 9999 9999 9999 9999 9999 9999 9999 9999 9999 9999 9999 9999 9999 7.9 9999 0.0
